CCIndex	x	y	area	aux	cuc
31881	-21.6657	-4.74142	28.0108	0.501332	0
25472	29.1545	-21.6374	42.7826	0.239166	0
28580	-16.893	4.21821	32.4037	51.5309	0
29440	-16.0593	-7.25354	36.8164	0.258158	0
24529	1.68836	37.6695	32.874	0.117892	0
29730	-3.90752	-5.82398	33.3618	0.155934	0
27237	-0.184078	-35.1254	45.4264	0.194786	0
23845	-5.96639	18.3369	42.5461	0.447312	0
10654	31.7775	11.9196	44.3042	0.166022	0
33266	-8.23776	-24.1881	33.6199	1.22087	0
17471	5.22722	-32.824	47.1382	0.174936	0
37740	0.504466	30.8111	26.7232	0.464938	0
35418	28.0861	-7.06776	27.7165	1.67952	0
30920	-22.2414	28.5341	28.6589	0.244023	0
31239	2.46471	-10.2022	28.9242	3.18553	0
30023	9.42916	27.0494	34.308	12.9364	0
32201	-30.6392	-11.3015	34.1013	0.858587	0
24760	36.3304	1.576	36.2793	0.0914716	0
27498	0.256652	-22.5263	39.4915	13.9656	0
26213	-39.6382	1.79124	37.605	0.233829	0
36963	-33.7578	18.7472	24.7583	0.306491	0
26976	-0.677945	-0.649963	29.074	0.104402	0
11320	-13.8999	-15.1418	47.5725	0.476478	0
28305	14.1952	22.0584	31.9938	7.76232	0
24993	26.7517	16.8684	43.8246	0.347934	0
27764	-6.88577	25.7623	33.0101	0.237281	0
32215	-29.2237	-21.3891	33.3287	0.53282	0
34674	-25.3869	24.8934	27.2894	0.206991	0
31564	-30.1857	-2.00865	31.6119	0.26515	0
30618	12.2571	31.4374	29.2404	0.237103	0
33969	4.93753	32.0228	25.7801	0.377569	0
31550	8.50745	-15.7159	27.0799	1.39912	0
35028	-25.0453	17.8393	25.5872	0.238717	0
23176	34.0264	-3.95606	38.3478	0.131897	0
35800	0.196633	8.514	31.0582	0.126494	0
25963	-23.5423	-0.264156	31.3487	4.42579	0
23404	-26.8305	11.8408	46.2139	0.57085	0
36579	-5.49937	12.0257	21.5316	0.142656	0
33609	23.4197	-27.0082	28.5172	0.35694	0
24298	9.4762	2.93972	43.8514	0.16879	0
24070	-4.22086	35.6224	36.8757	0.212748	0
23623	25.2792	25.3563	43.2131	0.221929	0
22749	-0.942749	23.5576	48.2906	4.18988	0
17457	-15.6465	-27.9072	49.4621	0.524502	0
25231	-11.812	14.0266	41.5253	4.37811	0
26463	-24.8676	-27.3967	39.7829	0.271239	0
25716	-10.6342	3.55234	42.0656	2.77846	0
26718	-17.1185	9.79733	41.4048	56.4137	0
30319	13.1836	-5.91361	31.9205	1.81593	0
28033	31.6426	-14.5587	39.1456	0.177664	0
28858	20.0057	30.3947	36.3879	0.140241	0
29139	-0.750834	-15.5909	35.9751	50.4372	0
29153	-10.5706	-3.71914	33.1354	0.185547	0
35042	29.049	-0.623365	26.7205	8.92153	0
32589	-24.8597	-13.4318	33.4836	1.27617	0
32255	-16.8127	-20.7243	27.395	0.286771	0
32926	22.363	-9.01269	25.7924	26.4674	0
31225	14.0985	-12.6138	31.456	0.345531	0
34320	5.03386	13.0758	26.6168	0.359124	0
36174	15.079	-30.2336	29.7279	0.450158	0
10639	-36.586	-3.39953	48.5759	0.341697	0
32227	-8.5815	-16.5168	30.087	3.27523	0
11307	-17.042	31.8825	45.9567	0.387077	0
32241	25.0058	10.7689	29.2366	0.225164	0
35786	8.94495	-10.7283	25.7075	0.251107	0
14155	20.2682	-15.2783	42.3042	0.716819	0
36186	-37.3638	-9.6585	25.7677	0.263225	0
15050	13.1023	-23.9722	43.5483	0.307197	0
15064	14.0813	5.62866	48.1048	0.273193	0
15078	-37.0186	12.7936	43.0635	0.243635	0
38147	-5.94615	-0.0858782	26.0752	0.180432	0
17470	6.5111	-26.8839	49.4644	0.383359	0
22748	2.83664	18.2647	46.8831	9.95902	0
22953	-10.3581	-35.0368	40.1552	0.211202	0
23161	23.2503	-2.58557	42.9915	38.0449	0
35404	-9.78992	30.2672	27.3279	0.341962	0
23187	19.2436	-22.9989	35.4215	0.352194	0
23403	-31.0232	8.06777	45.0223	0.366584	0
23622	20.9569	21.5161	45.2073	0.416904	0
36198	17.905	17.0005	26.2605	0.42098	0
37350	13.9395	11.6332	25.5479	1.21332	0
24297	5.34532	-0.204642	44.4777	0.144229	0
33621	19.6713	8.15989	32.1118	0.369321	0
24759	34.0394	6.28917	50.2351	0.198831	0
24992	31.0321	20.1392	40.9653	0.200564	0
25230	-14.6697	19.2341	44.7313	0.558286	0
25471	24.5363	-19.4247	37.9682	0.321413	0
25715	-8.0975	8.432	39.9401	0.463532	0
25962	-23.4843	4.9989	49.2722	31.0756	0
26212	-37.8967	6.69009	41.2399	0.246311	0
26462	-22.142	-23.5686	39.7482	0.561252	0
26717	-20.4009	13.7466	37.7807	13.2406	0
38133	-9.48134	-29.711	21.9067	0.50382	0
27236	-4.72864	-37.8207	31.0843	0.121006	0
27497	-1.34015	-27.2891	38.8889	1.1729	0
27763	-11.7103	24.2908	41.2346	0.238317	0
28032	26.3303	-13.2691	31.1251	0.219909	0
28304	9.39688	19.1561	40.8507	22.4029	0
28579	-15.8669	-0.656933	35.7735	8.88141	0
28857	16.1069	27.292	32.5719	0.302179	0
29138	3.53675	-16.4528	30.9136	34.4933	0
29152	-10.2493	-9.11337	35.8703	0.171217	0
29439	-19.478	-10.8872	30.5435	0.261232	0
29729	-4.61735	-10.9259	32.762	2.72075	0
30022	5.26628	25.1947	34.1884	22.4169	0
30318	15.8842	-1.8471	34.3799	5.91897	0
30617	13.7133	35.4012	34.7033	0.114126	0
30919	-18.0478	25.4558	33.9146	0.287865	0
31224	14.9531	-17.5627	30.791	0.148322	0
31238	2.62974	-5.49543	32.1886	0.177868	0
31549	8.22794	-20.2928	34.2468	1.14676	0
31563	-31.4809	2.45328	29.8605	0.288871	0
31880	-25.3848	-7.03451	34.2627	0.744793	0
32200	-31.9773	-7.32213	26.374	0.439208	0
32214	-32.4737	-18.0989	25.8205	0.357045	0
32226	-4.93664	-18.4986	28.6692	21.4669	0
32240	27.0424	6.69071	28.7166	0.327834	0
32254	-20.254	-17.4818	30.7357	0.571369	0
32588	-26.6116	-17.0686	27.4921	1.43873	0
32925	18.6717	-7.11933	33.3158	32.1432	0
33265	-12.2345	-22.3151	25.1365	0.437413	0
33608	19.5313	-29.7983	28.4239	0.441059	0
33620	19.9281	3.43109	25.6241	1.61881	0
33968	7.03183	36.0809	30.34	0.2005	0
34319	7.4906	9.51898	29.5523	0.164343	0
34673	-28.6619	22.0251	27.9332	0.19024	0
35027	-20.9132	20.0151	31.8752	0.28953	0
35041	25.7994	2.31338	27.9871	10.4934	0
35403	-10.4649	34.1145	27.765	0.42623	0
35417	32.185	-9.03201	27.0359	0.259509	0
35785	8.33907	-6.33353	28.0558	0.239493	0
35799	2.77798	5.36132	23.3049	0.132838	0
36173	11.393	-31.5229	24.0445	0.185026	0
36185	-36.1256	-14.6397	28.2235	0.27529	0
36197	20.5567	13.6041	27.0969	0.446138	0
36578	-1.67574	13.7894	31.1433	0.354561	0
36962	-31.2104	16.0661	27.5612	0.230993	0
37349	12.3693	15.0917	27.1957	2.89096	0
37739	-3.25225	29.7602	24.3969	0.716817	0
38132	-5.49776	-30.343	28.9064	0.372907	0
38146	-3.56449	3.88644	24.6704	0.247813	0
38545	-20.0932	-32.5586	26.9357	0.254222	0
38546	-15.9815	-33.9954	23.4718	0.254222	0
