CCIndex	x	y	area	aux	cuc
31881	-22.7949	-5.02442	31.1925	0.271885	0
25472	31.0263	-22.8991	48.04	0.355381	0
28580	-17.8517	4.41448	35.678	55.2021	0
29440	-16.8663	-7.66847	41.1285	0.19688	0
24529	1.93346	39.7772	37.4789	0.147694	0
29730	-4.0402	-6.19411	37.3406	0.131353	0
43146	-27.2297	10.6757	24.7181	0.23639	0
23845	-6.2698	19.3763	48.8892	0.215443	0
43610	20.8469	23.9953	28.4859	0.335809	0
33266	-8.50463	-25.5956	38.0794	0.669069	0
41431	-16.2682	-14.7548	24.0741	0.419306	0
37740	0.687786	32.5681	29.7904	0.338627	0
35418	29.8048	-7.51876	30.8906	1.29979	0
30920	-23.4107	30.3188	31.2812	0.514471	0
31239	2.66563	-10.8869	32.2252	2.38765	0
30023	10.0913	28.6445	38.2922	17.6801	0
32201	-32.3489	-12.0554	38.3444	2.1245	0
24760	38.5217	1.7076	41.5968	0.141064	0
27498	0.438436	-23.7854	44.4464	12.3473	0
26213	-41.7636	1.81494	42.3592	0.409011	0
36963	-35.6402	19.9102	26.9899	0.271622	0
26976	-0.695337	-0.714467	33.2318	0.132596	0
41009	15.8101	3.83206	27.7243	0.118152	0
28305	15.0458	23.3361	35.6641	8.07695	0
24993	28.2947	17.844	49.7744	0.774303	0
27764	-7.21656	27.2443	36.6227	0.288777	0
32215	-30.8423	-22.7318	37.1814	1.14182	0
34674	-26.7181	26.4274	30.8617	0.292373	0
31564	-31.7878	-2.14499	35.2169	0.265888	0
30618	13.1084	33.2659	32.4629	0.277405	0
33969	5.40644	33.8533	28.6703	0.370661	0
31550	9.1415	-16.6479	29.8766	0.656223	0
35028	-26.4161	19.0283	28.3525	0.182957	0
23176	36.0948	-4.24275	43.7602	0.14398	0
35800	0.281369	8.97997	35.1942	0.135114	0
25963	-24.8348	-0.243591	36.216	2.03241	0
42715	-16.0974	33.8915	30.4841	0.890175	0
36579	-5.72264	12.6642	23.5755	0.0730255	0
33609	25.0121	-28.5404	31.6293	0.600781	0
24298	10.1108	3.05772	49.8086	0.247716	0
24070	-4.34907	37.6212	41.954	0.288204	0
23623	26.8216	26.8556	48.7442	0.306988	0
40579	-37.1314	-2.66878	30.705	0.453676	0
38945	37.6799	8.06017	30.1941	0.220845	0
25231	-12.4162	14.8307	46.7668	2.55011	0
26463	-26.2079	-29.0364	44.3407	0.517717	0
25716	-11.2033	3.69247	47.5834	1.68793	0
26718	-18.0019	10.3293	46.7064	61.3824	0
30319	13.8863	-6.29135	35.8599	0.979219	0
28033	33.6139	-15.4612	43.3374	0.191467	0
28858	21.2641	32.1753	40.7659	0.172935	0
29139	-0.681847	-16.5211	39.5775	57.2929	0
29153	-11.0532	-3.951	36.9969	0.116842	0
35042	30.9283	-0.645413	29.6253	4.3823	0
32589	-26.2211	-14.2192	37.3489	4.81223	0
32255	-17.6966	-21.8826	30.4947	0.406576	0
32926	23.7478	-9.59573	28.8497	34.4424	0
31225	14.9557	-13.3396	34.9928	0.212957	0
34320	5.38632	13.8539	30.1648	0.286042	0
36174	16.2133	-32.0267	32.6439	0.76463	0
40166	-22.8192	6.0354	26.896	43.9915	0
32227	-8.97988	-17.5105	33.5865	1.25504	0
42284	1.27094	18.3666	23.8895	4.04719	0
32241	26.4536	11.3726	32.2217	0.284129	0
35786	9.49897	-11.4152	28.3848	0.121369	0
14155	21.5209	-16.1626	48.4681	0.830523	0
36186	-39.41	-10.2451	28.4453	0.281036	0
15050	14.0375	-25.4521	49.3022	0.616649	0
40995	-2.67071	23.9913	26.7163	1.05201	0
15078	-39.0391	13.613	49.0312	0.370791	0
38147	-6.2424	-0.108463	28.3963	0.105565	0
39349	-18.1338	-28.6874	30.9907	0.973818	0
41856	3.70562	-33.4047	23.971	0.254385	0
22953	-10.8168	-36.9704	45.4632	0.322517	0
23161	24.7179	-2.78667	50.2639	36.2073	0
35404	-10.2011	32.0017	30.1702	0.663029	0
23187	20.5234	-24.3483	40.1128	0.637741	0
43582	-1.39841	-35.3269	23.6614	0.218946	0
43596	-31.8826	7.15736	29.9127	0.210164	0
36198	18.8661	17.9656	29.3095	0.274076	0
37350	14.7928	12.2853	28.7554	0.283486	0
24297	5.70444	-0.337354	49.8816	0.217656	0
33621	20.886	8.66055	35.9526	0.204327	0
38546	-16.7805	-35.9361	26.1295	0.268794	0
24992	32.8772	21.3503	46.0424	0.397185	0
25230	-15.4757	20.3975	50.115	0.375095	0
25471	26.1068	-20.5618	42.3401	0.44536	0
25715	-8.5128	8.90304	45.0036	0.28352	0
39756	8.62807	-29.8387	25.6618	0.501201	0
26212	-39.9613	7.0836	46.4053	0.420119	0
26462	-23.3436	-24.8889	45.1416	1.47503	0
26717	-21.48	14.6488	42.7185	12.1971	0
38133	-9.84428	-31.3671	24.0067	0.341253	0
27236	-4.91313	-39.9871	34.6822	0.187797	0
27497	-1.21554	-28.9027	43.6602	0.659536	0
27763	-12.3645	25.7432	45.9412	0.331147	0
28032	27.9879	-14.0466	34.7893	0.24857	0
28304	9.94466	20.3019	45.4224	27.7713	0
28579	-16.7369	-0.745917	40.0155	5.49434	0
28857	17.1189	28.8539	36.1723	0.276927	0
29138	3.91236	-17.42	34.3965	40.5117	0
29152	-10.7125	-9.69707	40.3931	0.125776	0
29439	-20.5473	-11.5006	34.1469	0.404951	0
29729	-4.78083	-11.6454	36.6033	1.63504	0
30022	5.62595	26.6768	38.3844	30.8601	0
30318	16.8447	-1.95571	38.6715	4.58241	0
30617	14.6523	37.4645	38.3991	0.131797	0
30919	-18.9974	27.1108	38.6849	0.512333	0
31224	15.8735	-18.6232	34.2824	0.125545	0
31238	2.7895	-5.90869	35.3271	0.151212	0
31549	8.85588	-21.549	38.3284	0.68763	0
31563	-33.1704	2.62596	33.5226	0.231332	0
31880	-26.8283	-7.47752	38.852	1.04608	0
32200	-33.7813	-7.75784	29.4003	0.711867	0
32214	-34.3152	-19.1915	28.626	0.546884	0
32226	-5.07641	-19.5957	31.8292	19.2845	0
32240	28.6405	7.0564	31.5127	0.259218	0
32254	-21.3984	-18.4432	34.208	1.52265	0
32588	-28.1398	-18.1271	30.6034	4.83823	0
32925	19.7255	-7.5903	37.3459	39.4045	0
33265	-12.8453	-23.6101	28.467	0.25206	0
33608	20.8921	-31.5262	31.2439	0.786188	0
33620	21.2527	3.58119	28.9124	0.799856	0
33968	7.65155	38.1624	33.6118	0.169758	0
34319	7.98515	10.0116	33.4818	0.130017	0
34673	-30.2855	23.3649	31.3985	0.230687	0
35027	-22.0375	21.297	35.3002	0.242072	0
35041	27.4604	2.48926	30.7774	5.51773	0
35403	-10.9182	36.1006	30.4953	0.704189	0
35417	34.1452	-9.6598	29.8684	0.147328	0
35785	8.77593	-6.78676	30.8787	0.116291	0
35799	2.99898	5.56591	26.0728	0.142278	0
36173	12.2566	-33.4258	26.9394	0.425055	0
36185	-38.1337	-15.5145	31.3706	0.250973	0
36197	21.7637	14.4135	30.2862	0.288179	0
36578	-1.67059	14.5327	34.3295	0.19024	0
36962	-32.8686	17.0979	30.6272	0.336249	0
37349	13.0342	15.9694	30.2719	2.31749	0
37739	-3.35795	31.4272	27.0277	0.282847	0
38132	-5.60014	-32.1046	31.8855	0.278849	0
38146	-3.72249	4.1258	27.3203	0.139671	0
38545	-21.1554	-34.4164	29.1991	0.281513	0
38944	34.017	5.0093	24.7425	0.140737	0
39348	-14.4195	-30.4876	25.5732	0.55641	0
39755	5.7311	-27.3046	29.6828	0.298943	0
40165	-26.7053	4.76393	27.5543	7.27429	0
40578	-40.4606	-4.90858	23.3235	0.409649	0
40994	0.73417	25.9088	26.8683	4.02722	0
41008	14.2036	8.12879	26.201	0.137809	0
41430	-13.3074	-17.0453	29.5406	0.205268	0
41855	7.39867	-35.8989	28.8463	0.382408	0
42283	4.45329	20.1768	28.822	14.2772	0
42714	-20.2074	34.1711	22.8913	0.768374	0
43145	-29.1211	14.41	27.2053	0.665483	0
43581	1.1381	-38.7648	27.4201	0.415164	0
43595	-33.9034	10.6769	21.0437	0.812535	0
43609	23.8221	21.2306	22.5798	1.06553	0
44054	31.8688	11.5439	23.5854	0.40317	0
44055	35.1677	13.5392	27.135	0.524733	0
