CCIndex	x	y	area	aux	cuc
31881	-20.6022	-4.44266	25.2065	1.58936	0
25472	27.4618	-20.4574	38.3196	0.171697	0
28580	-15.973	4.05961	29.5301	46.9519	0
29440	-15.3021	-6.85662	33.0773	1.05045	0
24529	1.4326	35.6896	28.6634	0.0897646	0
29730	-3.76182	-5.45347	29.9784	0.490892	0
27237	-0.221677	-33.1713	40.6023	0.166681	0
23845	-5.65557	17.3295	37.2312	1.17938	0
10654	30.0389	11.2207	38.957	0.150305	0
33266	-7.96737	-22.9106	30.0188	2.67345	0
17471	4.86789	-30.9937	42.1891	0.160576	0
22954	-6.93707	-28.4246	45.1143	0.523391	0
10145	8.17395	-7.90124	48.2641	1.24502	0
30920	-21.1097	26.9685	26.3468	0.150138	0
31239	2.31249	-9.53372	26.1234	4.24858	0
30023	8.81847	25.5902	30.7272	9.48666	0
32201	-28.887	-10.5105	29.3791	0.471461	0
24760	34.2306	1.51305	32.5124	0.0930388	0
27498	0.103492	-21.3316	35.1547	13.7332	0
26213	-37.6831	1.75314	33.9492	0.131863	0
14341	12.4114	12.7276	46.4061	2.7499	0
26976	-0.682861	-0.509654	26.2083	0.0992592	0
11320	-13.1922	-14.3178	41.6595	1.09327	0
28305	13.3835	20.8905	28.7049	7.09338	0
24993	25.2551	15.9136	38.8332	0.23881	0
27764	-6.56018	24.3288	29.6954	0.36326	0
32215	-27.7347	-20.0872	29.9638	0.304799	0
10307	-21.4783	17.8339	49.5939	0.645921	0
31564	-28.7209	-1.87795	28.5888	0.372541	0
30618	11.4542	29.7676	26.3309	0.2091	0
13974	5.95275	10.655	50.0589	0.583055	0
31550	7.92265	-14.8413	24.5706	3.16715	0
23162	25.6948	0.787394	49.5593	12.9596	0
23176	32.0867	-3.69157	33.6917	0.161647	0
15051	12.5611	-28.9241	47.933	0.218379	0
25963	-22.3358	-0.196708	27.9029	7.09981	0
23404	-25.5111	11.0873	41.2227	0.923778	0
15079	-30.7861	16.3323	47.1043	0.173428	0
33609	22.0092	-25.6028	25.8556	0.238873	0
24298	8.93292	2.87277	39.2018	0.181995	0
24070	-4.08499	33.6406	33.0417	0.126241	0
23623	23.7939	23.9464	38.6272	0.14863	0
22749	-0.905009	22.2629	43.217	4.31632	0
17457	-14.914	-26.4449	43.2503	0.395036	0
25231	-11.2245	13.2748	36.9654	7.68976	0
26463	-23.6507	-25.8046	35.6686	0.160156	0
25716	-10.0306	3.41511	37.6813	4.76842	0
26718	-16.254	9.31039	36.6734	50.6281	0
30319	12.514	-5.57568	28.7149	3.78441	0
28033	29.8346	-13.7015	35.5507	0.14906	0
28858	18.8187	28.7655	32.6048	0.118887	0
29139	-0.810887	-14.7004	32.8056	33.7977	0
29153	-10.0959	-3.50035	29.8594	0.719178	0
9671	-9.69853	30.38	49.305	0.237679	0
32589	-23.5734	-12.6637	30.0416	0.528823	0
32255	-15.9544	-19.6177	24.9131	0.373994	0
32926	21.0681	-8.49573	23.1102	21.0663	0
31225	13.3026	-11.9564	28.4823	0.891417	0
10306	-25.4424	21.8532	49.7362	0.196565	0
10471	-34.5663	-11.6068	47.4002	0.182664	0
10639	-34.7979	-3.18874	43.2325	0.197977	0
32227	-8.20773	-15.5996	27.0046	7.76923	0
11307	-16.2411	30.1278	39.7958	0.17428	0
32241	23.6361	10.1685	26.611	0.628511	0
13973	1.20309	6.87946	47.9787	0.172647	0
14155	19.1154	-14.4855	36.8453	0.803365	0
14340	18.1719	14.4292	47.6437	0.972131	0
15050	12.235	-22.5563	37.9872	0.240908	0
15064	13.1999	5.38145	41.6694	0.508484	0
15078	-35.135	12.0635	38.2797	0.133458	0
17456	-17.2818	-31.3697	44.5633	0.164537	0
17470	6.03065	-25.3806	43.6968	0.578158	0
22748	2.6714	17.2955	41.6326	7.96179	0
22953	-9.84481	-33.1169	35.832	0.149239	0
23161	21.8703	-2.41792	36.5176	32.6409	0
23175	28.4089	-7.53798	49.1861	1.91316	0
23187	18.0832	-21.7862	31.4497	0.219376	0
23403	-29.4452	7.58059	40.045	0.361185	0
23622	19.7818	20.3142	40.1687	0.407254	0
23844	-3.12076	12.4289	47.1338	0.782963	0
24069	-1.305	28.6408	45.3061	0.566878	0
24297	5.02701	-0.0460042	39.7366	0.155947	0
33621	18.4707	7.67558	29.0075	2.50703	0
24759	32.1327	5.92652	44.6454	0.171223	0
24992	29.2592	18.989	36.7405	0.137911	0
25230	-13.9099	18.1463	40.0413	1.42516	0
25471	23.1021	-18.3803	34.1967	0.226183	0
25715	-7.65668	7.99873	35.6023	1.31905	0
25962	-22.2598	4.69076	43.6962	26.7786	0
26212	-35.9918	6.33414	36.8744	0.178263	0
26462	-21.0187	-22.3127	35.1661	0.281026	0
26717	-19.3951	12.909	33.7235	14.1496	0
26975	-4.54917	1.78365	45.1158	0.318194	0
27236	-4.49119	-35.7154	28.0646	0.0800755	0
27497	-1.38439	-25.7649	34.6649	2.35286	0
27763	-11.0926	22.9237	37.02	0.321197	0
28032	24.8021	-12.5446	28.0445	0.236956	0
28304	8.8851	18.1125	36.6611	16.8978	0
28579	-15.0437	-0.555153	32.206	13.4927	0
28857	15.1527	25.8667	29.3827	0.373963	0
29138	3.19016	-15.5158	27.7976	25.0489	0
29152	-9.81881	-8.58529	32.077	0.751149	0
29439	-18.4717	-10.3011	27.3212	0.526718	0
29729	-4.45843	-10.243	29.5046	4.45997	0
30022	4.94679	23.8298	30.4321	15.7282	0
30318	14.9937	-1.75814	30.6699	7.69147	0
30617	12.8303	33.5107	31.4897	0.0904202	0
30919	-17.0999	24.0664	30.7161	0.194538	0
31224	14.1187	-16.6069	27.832	0.335359	0
31238	2.50807	-5.08167	29.5042	0.481937	0
31549	7.64718	-19.1078	30.7057	2.66019	0
31563	-29.9334	2.29395	26.7485	0.424324	0
31880	-24.0086	-6.5841	30.0488	1.18372	0
32200	-30.2874	-6.86245	23.7635	0.310228	0
32214	-30.7828	-17.0565	23.3992	0.225168	0
32226	-4.80449	-17.4804	25.9285	18.518	0
32240	25.5242	6.32069	26.2701	0.717926	0
32254	-19.1562	-16.5585	27.7748	0.50252	0
32588	-25.1657	-16.0562	24.7911	0.830703	0
32925	17.6863	-6.70425	29.7802	25.0634	0
33265	-11.6732	-21.1485	22.4639	1.73869	0
33608	18.3626	-28.2447	26.0455	0.222898	0
33620	18.6425	3.27725	22.8655	3.08908	0
33968	6.42977	34.1655	27.4953	0.413249	0
33969	4.50418	30.3306	23.1543	0.413249	0
