CCIndex	x	y	area	aux	cuc
31881	-22.223	-4.88227	29.5566	0.36025	0
25472	30.064	-22.2559	45.3068	0.291204	0
28580	-17.3669	4.31469	33.9898	54.4818	0
29440	-16.4562	-7.4539	38.9059	0.200679	0
24529	1.82877	38.7257	35.1264	0.132968	0
29730	-3.97677	-6.0052	35.2796	0.140015	0
27237	-0.135003	-36.1396	48.106	0.23529	0
23845	-6.11304	18.8612	45.7164	0.320802	0
10654	32.6927	12.2574	47.4184	0.341302	0
33266	-8.37781	-24.8799	35.7867	0.89277	0
17471	5.45665	-33.7745	50.2082	0.275139	0
37740	0.594971	31.6991	28.2175	0.372812	0
35418	28.9257	-7.28897	29.2435	1.49513	0
30920	-22.8274	29.3835	30.0165	0.361209	0
31239	2.55899	-10.5386	30.5322	2.75488	0
30023	9.75374	27.8357	36.257	15.0905	0
32201	-31.4792	-11.6729	36.146	1.34554	0
24760	37.4098	1.63491	38.8236	0.133269	0
27498	0.337454	-23.1447	41.8936	13.3004	0
26213	-40.6907	1.81768	39.8051	0.312229	0
36963	-34.6813	19.3271	25.8431	0.254856	0
26976	-0.694753	-0.681325	31.109	0.124606	0
41009	15.2881	3.73128	26.2711	0.141656	0
28305	14.6116	22.6851	33.7791	7.99202	0
24993	27.5127	17.3465	46.6807	0.504153	0
27764	-7.05163	26.5241	34.7957	0.275396	0
32215	-30.0272	-22.0495	35.1913	0.795426	0
34674	-26.0574	25.6397	28.9021	0.238204	0
31564	-30.9746	-2.07337	33.363	0.252308	0
30618	12.6819	32.3347	30.8094	0.245992	0
33969	5.17367	32.9332	27.1925	0.360217	0
31550	8.81365	-16.1698	28.4361	0.941448	0
35028	-25.7294	18.4163	26.9212	0.197819	0
23176	35.0397	-4.10079	40.9706	0.133837	0
35800	0.233503	8.74357	33.0629	0.123867	0
25963	-24.1802	-0.261033	33.6187	3.25361	0
23404	-27.5209	12.2303	49.0725	0.488858	0
36579	-5.61151	12.3438	22.5271	0.0905082	0
33609	24.1908	-27.7568	30.0104	0.461376	0
24298	9.7725	2.99174	46.5689	0.206989	0
24070	-4.27196	36.647	39.3498	0.240577	0
23623	26.0433	26.0882	45.8143	0.240319	0
40579	-36.1794	-2.5833	29.2654	0.373409	0
38945	36.6207	7.81197	28.9444	0.284497	0
25231	-12.1079	14.4291	44.0685	3.36872	0
26463	-25.5387	-28.2074	41.9553	0.383043	0
25716	-10.9188	3.62531	44.7202	2.1762	0
26718	-17.555	10.0609	43.9879	60.0303	0
30319	13.5232	-6.09594	33.8189	1.30701	0
28033	32.6028	-15.0029	41.1587	0.17984	0
28858	20.6301	31.2621	38.4893	0.142314	0
29139	-0.723054	-16.0488	37.721	55.3296	0
29153	-10.8109	-3.82819	34.9819	0.126641	0
35042	29.9743	-0.633769	28.1154	6.53865	0
32589	-25.5295	-13.8218	35.3741	2.41532	0
32255	-17.2675	-21.3157	28.8056	0.337697	0
32926	23.0384	-9.29452	27.2707	30.4784	0
31225	14.5143	-12.9649	33.1466	0.247668	0
34320	5.2086	13.4517	28.2411	0.313606	0
36174	15.6247	-31.1048	31.126	0.572413	0
40166	-22.2318	5.81893	25.8095	40.7749	0
32227	-8.78428	-17.0045	31.8041	2.10568	0
11307	-17.4477	32.8281	49.3994	0.56244	0
32241	25.721	11.0651	30.6806	0.240149	0
35786	9.21305	-11.0628	26.9912	0.136922	0
14155	20.8777	-15.7069	45.2854	0.760772	0
36186	-38.3688	-9.94378	27.0606	0.287807	0
15050	13.5584	-24.6879	46.2824	0.462036	0
40995	-2.60888	23.3404	25.5355	3.56891	0
15078	-38.0159	13.2029	45.9392	0.275329	0
38147	-6.099	-0.0941034	27.1919	0.111026	0
39349	-17.6766	-27.9171	29.2064	0.844787	0
22748	2.92313	18.8019	49.8689	11.1125	0
22953	-10.5941	-35.9871	42.7065	0.261017	0
23161	23.9695	-2.68085	46.5398	37.9881	0
35404	-10.002	31.1646	28.8821	0.475493	0
23187	19.8658	-23.6549	37.6729	0.473916	0
23403	-31.8658	8.33148	47.8362	0.358272	0
23622	21.5522	22.1312	48.1077	0.473716	0
36198	18.3749	17.471	27.7388	0.302401	0
37350	14.3587	11.9511	27.1198	0.451909	0
24297	5.51455	-0.270468	47.0751	0.192948	0
33621	20.2814	8.40968	33.8921	0.227972	0
38546	-16.3978	-35.0029	24.7846	0.255132	0
24992	31.9425	20.7295	43.3938	0.262185	0
25230	-15.0625	19.8109	47.3432	0.423483	0
25471	25.3004	-19.9795	40.072	0.369915	0
25715	-8.30619	8.6688	42.3915	0.346372	0
39756	8.27819	-28.9471	24.2293	0.649574	0
26212	-38.9184	6.88947	43.6942	0.305392	0
26462	-22.7449	-24.2293	42.3204	0.950833	0
26717	-20.9259	14.1921	40.1012	12.8748	0
38133	-9.66983	-30.5256	22.93	0.357691	0
27236	-4.8372	-38.891	32.7792	0.140964	0
27497	-1.2891	-28.0837	41.2134	0.872323	0
27763	-12.0275	25.0195	43.5667	0.276498	0
28032	27.138	-13.6486	32.8853	0.232366	0
28304	9.6626	19.7194	43.1037	24.8373	0
28579	-16.2968	-0.69893	37.799	7.14202	0
28857	16.6066	28.0553	34.3224	0.296146	0
29138	3.71545	-16.9278	32.6091	38.1264	0
29152	-10.4757	-9.39105	37.9968	0.135401	0
29439	-20.003	-11.1902	32.3221	0.298445	0
29729	-4.70123	-11.2788	34.6116	2.11001	0
30022	5.43848	25.9327	36.2458	26.2054	0
30318	16.3505	-1.89691	36.4549	5.21859	0
30617	14.1868	36.4126	36.486	0.12198	0
30919	-18.5355	26.2016	35.7319	0.383193	0
31224	15.3994	-18.0759	32.4633	0.13027	0
31238	2.70227	-5.69821	33.7005	0.151453	0
31549	8.5309	-20.9039	36.1911	0.840014	0
31563	-32.3143	2.54157	31.6325	0.245648	0
31880	-26.0956	-7.25298	36.4719	0.844861	0
32200	-32.8604	-7.53783	27.8242	0.565145	0
32214	-33.3845	-18.6338	27.1706	0.441365	0
32226	-5.01258	-19.0375	30.2019	20.9473	0
32240	27.8338	6.86956	30.0607	0.280926	0
32254	-20.8285	-17.9654	32.3864	0.867959	0
32588	-27.3677	-17.5915	29.0055	2.57241	0
32925	19.1843	-7.3459	35.2662	35.9853	0
33265	-12.5442	-22.9535	26.7373	0.328237	0
33608	20.187	-30.6406	29.7832	0.603813	0
33620	20.5859	3.50676	27.1887	1.12071	0
33968	7.35193	37.1098	31.9153	0.164597	0
34319	7.72701	9.75864	31.4548	0.129939	0
34673	-29.4658	22.6866	29.5548	0.210065	0
35027	-21.472	20.6293	33.5099	0.247076	0
35041	26.6203	2.40078	29.3219	7.99062	0
35403	-10.6876	35.1604	29.238	0.522367	0
35417	33.1409	-9.34306	28.3985	0.169398	0
35785	8.54785	-6.55462	29.4327	0.150984	0
35799	2.8777	5.45965	24.6331	0.11491	0
36173	11.8067	-32.4465	25.429	0.285086	0
36185	-37.1158	-15.0657	29.7336	0.254777	0
36197	21.1532	14.0019	28.6403	0.299436	0
36578	-1.67374	14.1573	32.7067	0.258971	0
36962	-32.033	16.5712	29.0285	0.25935	0
37349	12.6937	15.5208	28.6881	2.57609	0
37739	-3.3116	30.6233	25.6475	0.389642	0
38132	-5.55812	-31.2099	30.3465	0.303765	0
38146	-3.65058	4.00721	25.9492	0.152609	0
38545	-20.635	-33.4941	27.7608	0.295114	0
38944	33.0613	4.84521	23.5865	0.153906	0
39348	-14.1123	-29.6876	24.1058	0.496884	0
39755	5.48734	-26.5301	28.0152	0.308988	0
40165	-25.9986	4.56734	26.1348	15.5066	0
40578	-39.3941	-4.72922	22.1459	0.468825	0
40994	0.691613	25.2009	25.4771	4.29561	0
41008	13.7616	7.91062	25.0045	0.272536	0
41430	-12.9981	-16.5703	28.0568	0.281478	0
41431	-15.845	-14.3534	22.7402	0.624587	0
