CCIndex	x	y	area	aux	cuc
32592	22.8861	10.2751	21.5424	1.40867	0
25231	-10.7295	12.8941	33.6125	13.8483	0
28604	-0.993538	-14.5743	29.2946	23.0448	0
29473	8.82764	24.9799	25.5301	7.10349	0
24529	1.60404	34.648	31.2048	0.101914	0
29184	-18.219	-10.0672	25.7902	1.78009	0
26989	-0.157765	-32.4351	37.039	0.140444	0
23845	-5.31049	16.7288	36.8646	2.89144	0
10654	29.1594	10.9558	36.9571	0.146634	0
23190	18.08	-27.4119	28.5825	0.102716	0
17471	4.5831	-30.1753	39.9863	0.167942	0
22954	-6.67732	-27.5386	35.722	0.663516	0
10145	7.90655	-7.7294	45.9637	2.22175	0
30378	-20.3349	26.1509	26.2665	0.179803	0
30989	2.21949	-9.40288	25.5898	4.64346	0
29765	-3.82874	-5.81961	28.4354	1.2217	0
9975	-28.4852	-17.708	48.0742	0.183429	0
24760	33.0066	1.41767	32.5893	0.105454	0
27514	24.2981	-12.2084	28.0554	0.282572	0
26213	-36.8764	1.94293	31.3987	0.105697	0
14341	12.0171	12.4433	43.7404	3.01799	0
26729	-2.19765	3.03407	28.683	0.174767	0
11320	-13.0293	-14.2251	40.0186	2.24045	0
28053	12.7603	20.3275	29.6396	8.08669	0
24993	24.4321	15.7672	38.4912	0.235394	0
27249	0.7198	-21.2357	32.3862	10.2852	0
31945	-19.6765	-4.22475	19.459	3.82843	0
10307	-20.7804	17.2874	46.738	0.987662	0
31626	-16.3456	-19.5661	27.3747	0.698568	0
30077	12.5107	32.6914	30.2887	0.120008	0
13974	5.78215	10.4135	46.7686	0.593984	0
31299	7.774	-14.8961	27.7517	6.38946	0
23162	24.7102	1.03696	43.9921	13.4507	0
23176	26.2388	-6.3664	32.5873	2.7848	0
15051	12.0339	-28.3589	44.2196	0.146188	0
25963	-21.3499	4.74739	37.7373	22.4473	0
23404	-24.8867	10.301	45.8031	2.0598	0
15079	-29.828	15.8317	44.2443	0.159834	0
15065	17.8919	5.66395	48.5893	3.68889	0
24298	8.64795	2.83327	36.6767	0.201569	0
24070	-1.29218	27.6241	38.4316	0.535735	0
23623	23.0046	23.5727	33.2123	0.114736	0
22749	-0.73566	21.636	42.1699	4.20794	0
17457	-14.5986	-26.0059	38.6542	0.325936	0
25472	-9.10025	2.6575	33.4795	2.98114	0
26463	-20.5143	-25.0199	34.7019	0.157007	0
25716	22.3532	-17.1643	25.262	0.135763	0
26715	-15.4873	9.08864	34.0764	47.3355	0
29779	12.1455	-5.30611	29.4925	4.9339	0
27782	-10.5314	22.3524	37.7204	0.629608	0
28327	-14.9621	3.93301	29.4783	33.2301	0
28884	15.136	25.2048	31.5736	0.545069	0
28898	-9.80059	-3.75209	29.1828	1.485	0
9671	-9.37716	29.5125	46.4256	0.22035	0
9821	18.5883	-7.20922	49.476	20.9423	0
32920	-28.2937	-10.271	24.2552	0.466407	0
10130	-9.57669	-21.8451	49.3101	3.15264	0
30682	13.0468	-11.775	28.6008	2.00591	0
10306	-24.6086	21.1636	46.8441	0.174234	0
10471	-33.8329	-11.0218	44.4304	0.139788	0
10639	-33.9223	-2.84603	40.4809	0.184676	0
32267	-4.81111	-18.2176	20.2365	11.9075	0
11307	-15.7353	29.2921	37.1768	0.159312	0
31612	-29.1703	2.28163	26.1782	0.645759	0
13973	1.24308	6.83887	43.7085	0.178067	0
14155	18.6595	-13.9695	33.9391	1.10808	0
14340	17.5785	14.0577	44.4792	1.51337	0
15050	12.0643	-22.1525	37.6283	0.306152	0
15064	12.7402	5.27978	39.0321	0.636779	0
15078	-34.0659	11.7527	36.0453	0.108796	0
17456	-16.927	-30.6586	40.1368	0.124863	0
17470	5.86047	-24.7889	40.6577	0.798764	0
22748	2.6794	16.7836	37.5206	5.96649	0
22953	-9.59257	-31.9529	39.5824	0.184815	0
23161	21.204	-2.2314	34.8775	30.5214	0
23175	31.1486	-4.77721	43.2441	0.185578	0
23189	19.2339	-22.1718	50.2796	0.275517	0
23403	-28.9324	7.30215	31.0545	0.277155	0
23622	19.2814	19.8713	40.7229	0.555042	0
23844	-2.93868	12.0222	42.1835	1.53813	0
24069	-3.71889	32.5862	35.1869	0.121691	0
24297	4.73459	0.0184218	39.1586	0.192104	0
24528	5.43832	31.4686	43.4326	0.380865	0
24759	31.235	5.85559	41.6075	0.162513	0
24992	28.4655	18.3921	33.3197	0.0919061	0
25230	-13.4215	17.5743	38.3946	3.68022	0
25471	-7.66977	7.53812	39.067	3.90756	0
25715	26.4872	-19.341	40.5645	0.130001	0
25962	-21.6624	0.0622635	30.1107	9.98498	0
26212	-34.8391	6.18197	35.074	0.148506	0
26462	-23.8466	-22.2269	35.6136	0.149261	0
26714	-18.7635	12.4301	32.6865	17.4292	0
26728	-3.43783	-1.11204	38.1393	0.403754	0
26988	-4.47121	-34.4742	28.1678	0.0942578	0
27248	-2.04091	-24.853	33.8529	3.33437	0
27513	29.2736	-12.3848	35.6207	0.147849	0
27781	-6.10518	23.651	25.3061	0.482719	0
28052	8.4456	17.557	32.0625	13.7133	0
28326	-14.7492	-0.753747	30.4544	12.5787	0
28603	2.93284	-15.2439	29.0078	21.3502	0
28883	18.0393	28.6457	27.3464	0.109859	0
28897	-9.75856	-8.77006	29.3574	1.84573	0
29183	-14.8935	-6.99827	31.7467	2.96066	0
29472	4.97213	23.4812	32.2887	11.0606	0
29764	-4.39566	-10.3739	27.3609	5.12733	0
29778	14.5934	-1.61824	27.3375	7.55773	0
30076	10.7958	29.1184	24.5505	0.218329	0
30377	-16.4633	23.3257	28.0798	0.199647	0
30681	13.8551	-16.3718	25.6586	1.04562	0
30988	2.35475	-5.00061	28.246	1.11083	0
31298	7.48952	-18.9573	25.3613	4.51835	0
31611	-27.8328	-1.69484	26.6116	0.634845	0
31625	-18.7656	-16.0407	25.3791	0.570918	0
31944	-23.1598	-6.17457	33.0495	3.58073	0
32266	-7.54014	-15.3035	30.9529	10.9538	0
32591	24.571	6.422	29.2604	1.18059	0
32919	-29.3881	-6.67495	26.1791	0.466407	0
32933	-22.8502	-15.1656	26.9521	0.643491	0
32934	-24.8337	-11.945	23.41	0.643491	0
